19062876 430 21
2731520 430 22
4876773 430 22
9048945 430 22
13746854 430 22
15706938 430 22
3550882 430 23
6305774 430 23
8383657 430 23
11269473 430 23
14089270 430 23
14175280 430 23
14615591 430 23
14701744 430 23
15807425 430 23
190933 430 24
798943 430 24
1272301 430 24
4609564 430 24
4770303 430 24
4990680 430 24
8136027 430 24
8498696 430 24
15666146 430 24
1500537 430 25
2577668 430 25
2602645 430 25
4857453 430 25
4956864 430 25
14293056 430 25
15822284 430 25
16048448 430 25
2440588 430 26
2465113 430 26
2981908 430 26
6698575 430 26
7139734 430 26
7770325 430 26
8099201 430 26
8916496 430 26
8950689 430 26
9148050 430 26
10269695 430 26
13569127 430 26
18633028 430 26
1659456 430 27
5585090 430 27
13936473 430 27
15771706 430 27
15869899 430 27
18868325 430 27
1219735 430 28
4145156 430 28
4453014 430 28
4909839 430 28
8537230 430 28
9338684 430 28
15888695 430 28
16194276 430 28
16747482 430 28
17902290 430 28
1783759 430 29
6449962 430 29
7259769 430 29
7893953 430 29
8312144 430 29
8635849 430 29
11704175 430 29
12149440 430 29
13214623 430 29
17457881 430 29
18119192 430 29
18858491 430 29
11437198 430 30
14143790 430 30
18294908 430 30
19740358 430 30
18282881 430 31
18902722 430 32
0 440 0
465180 440 0
2065723 440 0
2152690 440 0
2343220 440 0
2461360 440 0
2564564 440 0
2836322 440 0
2838605 440 0
2949267 440 0
3284103 440 0
3421367 440 0
3798565 440 0
4100933 440 0
4107832 440 0
4164804 440 0
4525097 440 0
4679597 440 0
4718593 440 0
4720629 440 0
4735780 440 0
4802246 440 0
4917980 440 0
5008224 440 0
5062382 440 0
5194566 440 0
5412099 440 0
5453441 440 0
5455499 440 0
5491858 440 0
5547869 440 0
5550980 440 0
5650587 440 0
5782644 440 0
5979964 440 0
6080398 440 0
6381695 440 0
6423086 440 0
6499558 440 0
6704044 440 0
6860210 440 0
6911271 440 0
7106724 440 0
7519773 440 0
8035156 440 0
8159235 440 0
8166808 440 0
8469275 440 0
8545552 440 0
9213636 440 0
9496992 440 0
9539797 440 0
9668638 440 0
9900035 440 0
10027252 440 0
10266427 440 0
10320875 440 0
10344405 440 0
10398181 440 0
10401087 440 0
10825363 440 0
10960941 440 0
10977281 440 0
11206673 440 0
11308726 440 0
11394835 440 0
11452045 440 0
11664324 440 0
11770796 440 0
11794100 440 0
11796482 440 0
11948658 440 0
12134970 440 0
12161399 440 0
12217298 440 0
12515922 440 0
12875062 440 0
12932790 440 0
13048267 440 0
13338747 440 0
13810978 440 0
13923442 440 0
14037723 440 0
14180304 440 0
14257165 440 0
14282072 440 0
14388312 440 0
14527913 440 0
14648861 440 0
14815896 440 0
14864741 440 0
14883140 440 0
15339348 440 0
15407012 440 0
15582137 440 0
15582141 440 0
16030671 440 0
16041030 440 0
16178404 440 0
16256442 440 0
16298203 440 0
16395663 440 0
16665800 440 0
16721220 440 0
16738336 440 0
17329794 440 0
17381813 440 0
17433156 440 0
17602492 440 0
17711167 440 0
17944819 440 0
17978876 440 0
18020770 440 0
18133311 440 0
18212651 440 0
18332931 440 0
18338515 440 0
18449072 440 0
18665151 440 0
18947230 440 0
19147638 440 0
19199824 440 0
19449907 440 0
19514386 440 0
8678701 440 1
15474204 440 4
17198463 440 4
4065814 440 6
7287226 440 6
10786999 440 6
12476729 440 7
13238878 440 7
16759381 440 7
17596497 440 7
4616038 440 9
9901995 440 9
10812544 440 9
14140683 440 9
15053727 440 9
15340197 440 9
19466661 440 9
9865171 440 10
10169828 440 10
16208727 440 10
8249264 440 11
10302622 440 11
11184442 440 11
14274358 440 11
14766819 440 11
17639228 440 11
17973025 440 11
18819608 440 11
861661 440 12
3679110 440 12
5047060 440 12
11655005 440 12
13208095 440 12
14250479 440 12
16460128 440 12
17104078 440 12
1739465 440 13
6114659 440 13
19144847 440 13
43473 440 14
17971354 440 14
7091540 440 15
9758713 440 15
14863630 440 15
16740284 440 15
19861375 440 15
1508824 440 16
9645952 440 16
12726647 440 16
14861911 440 16
19158800 440 16
1623693 440 17
8773774 440 17
9733785 440 17
10468194 440 17
15818022 440 17
2723420 440 18
15703564 440 18
16710395 440 18
4356259 440 19
18924717 440 19
1706678 440 20
9074524 440 20
17619764 440 20
3941802 440 21
7330619 440 21
8296756 440 21
9075736 440 21
14775715 440 21
15436925 440 21
2818846 440 22
7294015 440 22
12766206 440 22
3352985 440 23
7798036 440 23
14758068 440 23
823767 440 24
1926331 440 24
6435715 440 24
6481265 440 24
10827248 440 24
13804589 440 24
17277244 440 24
5786837 440 25
8697531 440 25
8879549 440 25
9770541 440 25
12097290 440 25
13936585 440 25
15251236 440 25
18381673 440 25
267240 440 26
11125589 440 26
17023575 440 26
1540371 440 27
2551950 440 27
2593099 440 27
2815326 440 27
3861262 440 27
8241752 440 27
9262688 440 27
9596564 440 27
11034991 440 27
11657800 440 27
12403037 440 27
13327397 440 27
15591716 440 27
17765036 440 27
2597080 440 28
6598085 440 28
9992095 440 28
10864298 440 28
12295464 440 28
15103366 440 28
15813530 440 28
17134002 440 28
2524012 440 29
2889031 440 29
3400619 440 29
6072092 440 29
8311266 440 29
13770834 440 29
15775952 440 29
17226804 440 29
3548621 440 30
7213453 440 30
12722132 440 30
16005560 440 30
18188515 440 30
13963944 440 31
18766661 440 31
19530368 440 31
0 450 0
0 450 0
233127 450 0
236871 450 0
261420 450 0
353181 450 0
870314 450 0
1956698 450 0
1983485 450 0
2114725 450 0
2870179 450 0
3339695 450 0
3890683 450 0
4616163 450 0
4663332 450 0
4978095 450 0
5299602 450 0
5418298 450 0
5529410 450 0
5646930 450 0
5773080 450 0
6025419 450 0
6075345 450 0
6184694 450 0
6420472 450 0
6613804 450 0
6757902 450 0
6760554 450 0
6793114 450 0
7161275 450 0
7289203 450 0
7372432 450 0
7373396 450 0
7439296 450 0
7453207 450 0
7631772 450 0
7646166 450 0
7695544 450 0
7860468 450 0
7862586 450 0
7906951 450 0
7954952 450 0
7989876 450 0
8018544 450 0
8170864 450 0
8939321 450 0
9309879 450 0
9797392 450 0
9946466 450 0
10172551 450 0
10358862 450 0
10442757 450 0
10936897 450 0
11044532 450 0
11570894 450 0
11632176 450 0
11757786 450 0
11880056 450 0
11949803 450 0
12212618 450 0
12518847 450 0
12713495 450 0
12817690 450 0
12842845 450 0
12956730 450 0
13021855 450 0
13268131 450 0
13553988 450 0
14048323 450 0
14173656 450 0
14199128 450 0
14283166 450 0
14335650 450 0
14387747 450 0
14430960 450 0
14531109 450 0
14736654 450 0
14818678 450 0
14894516 450 0
15108322 450 0
15109224 450 0
15175360 450 0
15337267 450 0
15806477 450 0
15838447 450 0
15876466 450 0
16060890 450 0
16062114 450 0
16075704 450 0
16264391 450 0
16616789 450 0
16756721 450 0
16941154 450 0
16962679 450 0
17444573 450 0
17524064 450 0
17585325 450 0
17772582 450 0
17828198 450 0
18350931 450 0
18531673 450 0
19156268 450 0
19347138 450 0
19552576 450 0
19595516 450 0
19600013 450 0
19620180 450 0
18054093 450 1
11205006 450 3
14611405 450 3
10566483 450 4
11423699 450 5
15053614 450 5
14818221 450 6
6141157 450 7
8786937 450 7
10175204 450 7
10404060 450 7
5999709 450 8
7038011 450 8
14562978 450 8
17209563 450 8
1335006 450 9
13707915 450 9
12592340 450 10
16708678 450 10
8514592 450 11
9733941 450 11
11951799 450 11
4596027 450 12
12516198 450 12
14498102 450 12
17584673 450 12
17588663 450 12
17641840 450 12
3251095 450 13
7865651 450 13
9757968 450 13
13865631 450 13
17640989 450 13
17973692 450 13
8016852 450 14
9198811 450 14
14007264 450 14
17098627 450 14
4982778 450 15
10140441 450 15
12454371 450 15
15765707 450 15
3426801 450 16
8423690 450 16
9357808 450 16
5532775 450 17
9201753 450 17
13265431 450 17
14857460 450 17
19559848 450 17
4978989 450 18
9611715 450 18
2469597 450 19
5175462 450 19
10447273 450 19
10535028 450 19
11907402 450 19
12183810 450 19
12377204 450 19
13707470 450 19
1216607 450 20
2889589 450 20
4613044 450 20
11811315 450 21
12781871 450 21
16196629 450 21
17769555 450 21
2986565 450 22
5312792 450 22
12357940 450 22
13380556 450 22
16234476 450 22
9225218 450 23
13380275 450 23
15050474 450 23
15485702 450 23
16208320 450 23
18910762 450 23
4859928 450 24
7656743 450 24
9845570 450 24
12010841 450 24
15676297 450 24
16461059 450 24
16620730 450 24
17505920 450 24
18402894 450 24
426369 450 25
4765960 450 25
12296843 450 25
14400595 450 25
7325373 450 26
11663933 450 26
3358796 450 27
12561693 450 27
12605295 450 27
13408289 450 27
14573783 450 27
15062524 450 27
215835 450 28
6431750 450 28
10512632 450 28
10720470 450 28
18078506 450 28
933940 450 29
2232125 450 29
3815697 450 29
1729334 450 30
9291075 450 30
14491018 450 30
14739735 450 30
14849310 450 30
2979011 450 31
13328290 450 31
17900289 450 31
19079195 450 32
0 460 0
0 460 0
180 460 0
360449 460 0
515456 460 0
914204 460 0
1179650 460 0
1234571 460 0
1294464 460 0
1960928 460 0
2431311 460 0
2586989 460 0
2702309 460 0
2984556 460 0
3216054 460 0
3472476 460 0
3530027 460 0
3712528 460 0
3819954 460 0
5086783 460 0
5182253 460 0
5416566 460 0
5528826 460 0
5744015 460 0
5930660 460 0
6041627 460 0
6073929 460 0
6343236 460 0
6623219 460 0
6630159 460 0
6713878 460 0
6781181 460 0
6806420 460 0
6920224 460 0
7154631 460 0
7398503 460 0
7436375 460 0
7547865 460 0
7577288 460 0
7622462 460 0
7688035 460 0
7832299 460 0
7918379 460 0
8093416 460 0
8165312 460 0
8242821 460 0
8444806 460 0
9331337 460 0
9539349 460 0
9550183 460 0
9720392 460 0
9860126 460 0
9899515 460 0
9919358 460 0
9946208 460 0
10080198 460 0
10178731 460 0
10287640 460 0
10304073 460 0
10389926 460 0
10493962 460 0
10825743 460 0
11104563 460 0
11116028 460 0
11364147 460 0
11678663 460 0
11759309 460 0
11811984 460 0
12810100 460 0
13515944 460 0
13715871 460 0
13823059 460 0
13838918 460 0
13843092 460 0
13941559 460 0
14045057 460 0
14188545 460 0
14273601 460 0
14380206 460 0
14425692 460 0
14464604 460 0
14754947 460 0
14766309 460 0
14803043 460 0
14850286 460 0
14895286 460 0
14920194 460 0
15156380 460 0
15247714 460 0
15249007 460 0
15491628 460 0
15631619 460 0
15827356 460 0
15838213 460 0
15866086 460 0
15899982 460 0
15937684 460 0
15948779 460 0
16141713 460 0
16687568 460 0
16696894 460 0
17202932 460 0
17464707 460 0
17773117 460 0
17795351 460 0
18043629 460 0
18055575 460 0
18251780 460 0
18342677 460 0
18360711 460 0
18705653 460 0
19368459 460 0
19862258 460 0
12086463 460 2
818035 460 3
7695231 460 4
9398703 460 4
2735618 460 5
17477551 460 6
11521925 460 7
11650578 460 7
16211425 460 7
13862317 460 9
18314550 460 9
11953754 460 10
19347940 460 10
6874803 460 11
11599651 460 11
11764581 460 11
17117147 460 11
5299058 460 12
6465004 460 12
8678722 460 12
10545767 460 12
14290011 460 12
14570609 460 12
14815584 460 12
16495970 460 12
5203153 460 13
5876354 460 13
13534363 460 13
15124887 460 13
15471455 460 13
17271597 460 13
4063425 460 14
6251742 460 14
7289170 460 14
19278513 460 14
2841027 460 15
7398209 460 15
9574691 460 15
13010228 460 15
14771171 460 15
13513474 460 17
15157497 460 17
18262098 460 17
4464227 460 18
10568053 460 18
15174431 460 18
16992157 460 18
18932037 460 18
2790237 460 19
3660943 460 19
14755818 460 19
17773978 460 19
19712136 460 19
2460854 460 20
9731022 460 20
11248586 460 20
19864830 460 20
3717140 460 21
7608397 460 21
8013971 460 21
15125217 460 21
3202871 460 22
10982208 460 22
12604911 460 22
14139692 460 22
5289017 460 23
11254318 460 23
4198128 460 24
13865163 460 24
13921786 460 24
11957113 460 25
16209184 460 25
5289242 460 26
9675714 460 26
10552652 460 26
10704016 460 26
12378408 460 26
13941466 460 26
14980223 460 26
16152761 460 26
17952685 460 26
3078603 460 27
5849565 460 27
10056637 460 27
19957486 460 27
2365360 460 28
17859430 460 28
4935711 460 29
6078550 460 29
15964365 460 29
16208132 460 29
16233883 460 29
16327360 460 29
16961017 460 29
17929201 460 29
14582146 460 30
3551786 460 31
5075346 460 31
9095231 460 31
1773524 460 32
0 470 0
198476 470 0
934676 470 0
1195244 470 0
1202861 470 0
1335233 470 0
1564283 470 0
2201359 470 0
3154327 470 0
4617371 470 0
5046945 470 0
5263637 470 0
5821766 470 0
7086629 470 0
7124783 470 0
7216692 470 0
7361869 470 0
7473420 470 0
7759135 470 0
7791629 470 0
7989220 470 0
8165199 470 0
8192325 470 0
8466024 470 0
8626523 470 0
8930483 470 0
9485774 470 0
9490121 470 0
9725882 470 0
9766547 470 0
10028061 470 0
10069231 470 0
10138548 470 0
10537750 470 0
10952352 470 0
11042564 470 0
11075429 470 0
11120401 470 0
11131747 470 0
11766040 470 0
11842360 470 0
11857751 470 0
11948225 470 0
12044568 470 0
12159046 470 0
12266561 470 0
12268959 470 0
12716096 470 0
12725840 470 0
12948378 470 0
13180382 470 0
13275117 470 0
13508199 470 0
13746786 470 0
14253144 470 0
14543521 470 0
14704444 470 0
14820116 470 0
14847827 470 0
14891563 470 0
15050100 470 0
15080439 470 0
15391072 470 0
15936817 470 0
16068246 470 0
17203890 470 0
17217905 470 0
17265755 470 0
17359232 470 0
17714082 470 0
19153314 470 0
19571114 470 0
19769129 470 0
7801311 470 1
3416628 470 2
14141116 470 2
3707004 470 3
11580005 470 4
14683250 470 4
10939178 470 5
2196025 470 6
12307494 470 6
17773854 470 6
2109533 470 7
8421676 470 7
13513033 470 8
14140572 470 8
14581106 470 8
16040212 470 8
18014403 470 8
12369586 470 9
16646987 470 9
17774102 470 9
6589822 470 10
11183911 470 10
14564027 470 10
17643407 470 10
4616396 470 11
6319294 470 11
11312065 470 11
14133375 470 11
15778106 470 11
17358937 470 11
11601753 470 12
16982894 470 12
9619976 470 13
2470358 470 14
4443273 470 14
10147953 470 14
4514935 470 15
5302258 470 15
11277217 470 15
12690281 470 15
12792793 470 15
14098104 470 15
15514702 470 15
6267840 470 16
9731099 470 16
15491473 470 16
18573167 470 16
868827 470 17
9291311 470 17
18020484 470 17
11908886 470 18
16836161 470 18
17596561 470 18
14492637 470 19
16907045 470 19
4620632 470 20
5894621 470 20
14488581 470 20
3801789 470 21
9493226 470 21
13442662 470 21
19281499 470 21
15564281 470 22
2167529 470 23
4794744 470 23
2683498 470 24
3492880 470 24
7681081 470 24
18024565 470 24
5489512 470 25
10034460 470 25
15008081 470 25
16959809 470 25
13195795 470 26
17457002 470 26
1982746 470 27
8113371 470 27
6545827 470 28
15219940 470 28
2640068 470 29
8784216 470 29
7673616 470 30
2612421 470 31
16337388 470 31
8755309 470 32
13207737 470 32
0 480 0
432756 480 0
511067 480 0
595204 480 0
1025702 480 0
1350863 480 0
2159216 480 0
3219784 480 0
3233211 480 0
3564611 480 0
4110219 480 0
4154315 480 0
4742402 480 0
4757761 480 0
5283956 480 0
5524916 480 0
6104233 480 0
6268230 480 0
7504736 480 0
7561715 480 0
9292045 480 0
9537688 480 0
10333454 480 0
10415175 480 0
11849536 480 0
12915493 480 0
13392536 480 0
13708890 480 0
14213364 480 0
14393823 480 0
14538588 480 0
15502367 480 0
15775501 480 0
15903626 480 0
16775011 480 0
16897175 480 0
17477871 480 0
17642264 480 0
18009661 480 0
18465081 480 0
12551025 480 2
263732 480 3
18831448 480 4
7841899 480 5
16458939 480 5
1177646 480 7
4462171 480 7
5525108 480 7
6310741 480 8
2553097 480 9
4679733 480 9
10736674 480 9
10738317 480 9
13018962 480 9
14804685 480 9
16221709 480 9
17954131 480 9
4684878 480 10
7290948 480 11
9308595 480 11
10788131 480 11
17643314 480 11
19861179 480 11
4268881 480 12
13384600 480 12
13719569 480 12
11664746 480 13
14659296 480 13
3805915 480 14
10468648 480 14
12887554 480 14
12730039 480 15
13799317 480 16
10027918 480 17
16263780 480 17
7287913 480 18
14804646 480 18
16947490 480 18
17477001 480 18
18830848 480 18
3095092 480 20
7352513 480 20
16404892 480 20
16762291 480 20
17274267 480 20
14805215 480 21
15817991 480 21
18224564 480 21
7897032 480 22
19897882 480 22
3490655 480 23
14062870 480 24
14666201 480 24
6174347 480 26
8903180 480 26
9406769 480 26
13896475 480 26
5164897 480 27
5298437 480 27
6500065 480 27
6225562 480 28
8933436 480 28
3349670 480 29
6920539 480 29
4436722 480 30
4980118 480 30
8771193 480 30
12017856 480 30
216074 480 31
384576 480 31
18046720 480 31
3208517 480 32
10780817 480 32
6188630 480 33
19353421 480 33
1106516 490 0
1397040 490 0
1747863 490 0
1982658 490 0
4526618 490 0
4568577 490 0
6356016 490 0
6379243 490 0
6909779 490 0
7748475 490 0
8121090 490 0
12711173 490 0
13032979 490 0
13960008 490 0
14330464 490 0
16890165 490 0
16899094 490 0
17852442 490 0
19994389 490 0
11725764 490 2
7092348 490 3
7907031 490 3
11043212 490 3
16392134 490 5
7906625 490 6
305166 490 7
13513061 490 7
1925932 490 8
9759394 490 8
12672349 490 8
18014309 490 8
19602103 490 8
1915611 490 9
11652956 490 9
14802476 490 9
18011868 490 9
16222366 490 10
16714559 490 10
16740291 490 10
15475199 490 11
19642692 490 11
4684864 490 13
15614996 490 13
4621225 490 14
14827210 490 14
16645198 490 14
5531961 490 15
6941286 490 15
12281924 490 15
16410083 490 15
307883 490 16
1057251 490 16
3454209 490 16
4774843 490 16
7291171 490 16
17951745 490 16
18640314 490 16
1545219 490 17
8467560 490 17
9173013 490 17
12941912 490 17
16980864 490 17
9995317 490 18
15477690 490 18
18359630 490 18
4876161 490 19
8815822 490 19
9571887 490 19
16580412 490 19
5100375 490 20
12082489 490 20
17447160 490 20
18413124 490 20
693106 490 21
4066821 490 21
15485662 490 21
3469934 490 22
15567746 490 22
12660514 490 23
3971292 490 24
5411656 490 24
9861315 490 24
2985281 490 25
8217781 490 25
5412522 490 26
15546537 490 26
10178958 490 27
11830510 490 27
12226639 490 27
3088832 490 28
12692571 490 28
16934552 490 28
9603171 490 29
14061699 490 29
269525 490 30
3017621 490 30
16132320 490 31
11551647 490 32
17343276 490 33
8552557 490 34
4752847 500 0
4757172 500 0
4872518 500 0
7087871 500 0
7507140 500 0
9309396 500 0
11496759 500 0
11727391 500 0
12096730 500 0
12342123 500 0
14519758 500 0
17575963 500 0
4624673 500 4
6347324 500 4
17774587 500 4
10640224 500 5
16950087 500 5
7089575 500 6
11594441 500 6
11933152 500 6
16744271 500 6
16211060 500 7
4806143 500 8
10528651 500 8
16193524 500 8
4737602 500 9
16949812 500 9
2478017 500 10
11734568 500 10
17042023 500 10
4269807 500 11
10980216 500 11
2244135 500 12
8021418 500 12
16390548 500 12
6254381 500 13
17643332 500 13
1055814 500 14
14496193 500 14
2540922 500 15
9436405 500 15
2479329 500 16
8908377 500 16
13719075 500 16
14837573 500 16
17318988 500 16
19154899 500 16
6311498 500 17
7287499 500 17
8577387 500 17
18013137 500 17
10452737 500 18
13022709 500 18
19278434 500 18
4106547 500 19
5525606 500 19
7441878 500 19
11727404 500 19
12515775 500 19
14612995 500 20
15155580 500 20
11045512 500 21
12974282 500 22
13309001 500 22
1053298 500 23
8973645 500 24
10147519 500 24
16274166 500 26
5193898 500 27
17617865 500 27
8939446 500 28
17917314 500 28
5199214 500 29
14597883 500 29
3461371 500 33
2768011 500 34
1363689 500 35
4903478 510 0
5206086 510 0
7775425 510 0
8361543 510 0
10467345 510 0
14452752 510 0
10982686 510 6
3390658 510 7
10170927 510 7
13165949 510 8
14756753 510 8
16945986 510 8
12235861 510 9
17432580 510 9
2377953 510 10
15808756 510 10
16339006 510 10
3030313 510 11
4878137 510 11
7091251 510 11
10950333 510 11
13384516 510 12
16963318 510 12
2839203 510 13
16435580 510 13
19864824 510 13
6704839 510 14
12514539 510 14
7353274 510 15
10144679 510 15
11205148 510 15
963906 510 16
2658762 510 16
14335804 510 16
14495267 510 16
18006152 510 16
6079156 510 17
8363832 510 17
15332526 510 17
9407602 510 18
11603541 510 18
7103828 510 19
9289869 510 19
14816336 510 19
10593004 510 20
17611261 510 20
6755007 510 21
4047573 510 22
14522386 510 22
17604688 510 22
17773842 510 22
4805313 510 23
7090800 510 23
6343373 510 24
5952747 510 25
14564485 510 25
16740040 510 25
7397863 510 26
7993645 510 26
16579089 510 26
3775482 510 27
7335015 510 27
13021747 510 27
16258334 510 28
8318947 510 29
13048309 510 29
7429554 510 30
11150472 510 30
19826646 510 32
14922545 510 33
2788940 510 35
8107204 520 0
15251075 520 0
19413276 520 0
12369713 520 3
11594906 520 4
13996713 520 4
17052715 520 4
11274537 520 6
14133947 520 8
15155374 520 8
5894081 520 10
6083194 520 10
14050131 520 10
14658304 520 10
2829353 520 11
17209497 520 11
870239 520 12
4601126 520 12
15477022 520 12
6600957 520 13
9203377 520 13
2837608 520 14
3215774 520 14
6567529 520 14
14578707 520 14
14741196 520 14
16744537 520 14
18417670 520 14
18900830 520 14
2118912 520 15
12368654 520 15
6940510 520 16
7946011 520 16
17058024 520 16
18054281 520 16
6234864 520 17
16798399 520 17
9995428 520 18
10636623 520 18
11620948 520 18
13042868 520 18
15815739 520 19
12574080 520 20
15701734 520 20
16129222 520 20
807235 520 21
9733832 520 21
17120232 520 21
2836493 520 22
15341471 520 23
17947219 520 23
8983453 520 26
9551886 520 26
18525031 520 26
16247896 520 27
11761763 520 28
4292339 520 30
16530575 520 31
1938005 520 34
2916353 530 0
12640154 530 2
16687926 530 3
17581693 530 6
14815653 530 7
460310 530 8
1961222 530 8
10304180 530 8
10760989 530 8
17199422 530 10
18594676 530 10
3016448 530 11
12515303 530 11
12795381 530 11
17948448 530 11
2459768 530 12
4876046 530 12
15158356 530 12
18920311 530 12
11601513 530 13
19956746 530 13
1852603 530 14
9704019 530 15
13863450 530 15
16110971 530 15
1926124 530 16
9306680 530 16
7089632 530 17
11653670 530 17
12588296 530 17
14359744 530 17
16838194 530 17
17054911 530 17
17478928 530 17
18482450 530 17
2788925 530 19
10761634 530 19
14227870 530 19
17172010 530 19
17359710 530 19
13686161 530 21
14616581 530 21
5595220 530 22
15940612 530 24
18419123 530 24
8519325 530 26
17806752 530 26
17297370 530 28
19019553 530 28
3155489 530 29
543268 530 30
16040647 530 30
15934336 530 31
8146838 530 34
14713813 530 37
1200692 540 0
8471215 540 0
9945555 540 0
11748273 540 0
12006035 540 0
12726644 540 0
14381270 540 0
620951 540 4
2241733 540 4
1852615 540 6
1056870 540 7
15714181 540 8
17433451 540 8
7290928 540 9
7394261 540 9
17900537 540 9
15733509 540 10
4323271 540 11
17209048 540 11
17974466 540 11
4441544 540 12
7163619 540 12
11850101 540 13
13020291 540 13
3221301 540 14
19155851 540 14
1823098 540 15
1982928 540 15
9733771 540 15
993284 540 16
6427896 540 16
18017565 540 16
1662601 540 18
3019671 540 18
15576853 540 18
18863104 540 18
19513057 540 18
8333347 540 19
8423773 540 19
11945888 540 19
12513228 540 19
7091635 540 20
7600515 540 20
15634797 540 21
19867975 540 21
10333922 540 22
13017934 540 23
8518108 540 25
9765844 540 32
11229940 540 35
6184594 540 37
0 550 0
17798914 550 0
16747126 550 4
2839618 550 5
8421666 550 5
8137453 550 6
19859727 550 6
4754251 550 7
8421581 550 7
8422054 550 8
12477732 550 8
16802174 550 8
16759052 550 9
11580887 550 10
19157928 550 10
12295752 550 11
10172511 550 12
18892568 550 13
9355436 550 14
12923318 550 14
4510554 550 15
2732359 550 16
15700304 550 16
14171327 550 17
14653978 550 17
1998029 550 18
7294083 550 19
10759934 550 19
5894260 550 20
6060155 550 20
13148652 550 20
10330296 550 21
19707890 550 21
2011312 550 22
6067548 550 22
6366739 550 23
17643953 550 25
4599210 550 26
5213707 550 29
4757900 550 30
16598454 550 35
5569734 560 0
17825793 560 0
11905571 560 5
7847116 560 7
19139875 560 8
2565335 560 9
2778070 560 9
11521579 560 9
18550451 560 9
3006609 560 10
6141869 560 10
9200089 560 11
18123343 560 12
18054558 560 14
19600653 560 14
14075978 560 15
16629052 560 16
9135065 560 17
10990232 560 17
2638969 560 18
18522561 560 18
9757144 560 19
14449001 560 25
4173266 560 26
13558804 560 28
5651189 560 29
0 570 0
12484609 570 0
201010 570 6
1335163 570 8
4462371 570 8
16631312 570 8
8375534 570 9
11580654 570 10
12478355 570 11
14140411 570 11
14204684 570 13
15155541 570 13
7108217 570 15
11365367 570 15
17286016 570 15
19410590 570 15
2460083 570 16
15157075 570 16
17643691 570 17
14546226 570 19
4386850 570 22
6936073 570 24
10314371 570 25
8252184 570 26
17952399 570 31
7029173 570 35
4269691 580 0
10437666 580 0
9080989 580 3
8378178 580 4
11315735 580 8
13864096 580 9
19959655 580 10
2478198 580 11
14046956 580 11
4876012 580 12
7091546 580 12
7271987 580 12
8661441 580 13
4878222 580 14
9946747 580 14
18103340 580 14
2307446 580 15
17773972 580 16
7291347 580 17
16798479 580 18
6628422 580 19
12803153 580 19
19538687 580 19
5757653 580 21
7091717 580 21
8423273 580 24
13490961 580 24
15119938 580 27
2554351 580 33
16013944 580 36
527463 580 40
12419771 590 0
18925061 590 6
7694153 590 7
12729708 590 7
16381050 590 7
17332574 590 8
1917579 590 9
7287134 590 9
8375759 590 9
3019288 590 10
15632505 590 11
991360 590 12
14817360 590 12
11949608 590 13
14754433 590 14
17955685 590 14
6425192 590 15
11080886 590 15
13384547 590 15
19861838 590 15
307541 590 16
17447734 590 16
19018068 590 17
7957200 590 20
16911585 590 21
1004953 590 22
11040612 590 22
921850 590 23
1520434 590 23
14753273 590 23
18700085 590 24
9506384 590 30
7200352 590 36
9217440 590 37
6344938 600 5
10527674 600 7
8421675 600 8
3276235 600 11
16946913 600 13
4612301 600 14
19316421 600 14
7091580 600 15
9731528 600 16
16900394 600 17
17417128 600 17
16945689 600 18
10939739 600 19
17948434 600 19
14614751 600 21
9402714 600 30
12672207 610 0
14561279 610 5
15337683 610 8
16633682 610 9
1824789 610 10
8390311 610 10
5350221 610 11
11573156 610 11
11573849 610 12
11949665 610 12
16324126 610 12
16946617 610 12
4621214 610 14
7690588 610 14
19466626 610 14
12712388 610 15
5855884 610 16
16715364 610 16
1439095 610 17
8679389 610 17
15074948 610 19
16389937 610 19
17834340 610 23
15449832 610 24
4747506 610 32
6465535 620 5
13533666 620 6
13512944 620 8
15777106 620 8
9199056 620 9
17100274 620 9
11770904 620 10
17058437 620 11
10766617 620 13
14182022 620 13
1335985 620 14
8340074 620 16
4564911 620 19
10984196 620 19
13020766 620 20
17118997 620 20
11609636 630 0
17636620 630 6
14804530 630 7
19644881 630 9
8796353 630 10
19138564 630 10
5227705 630 11
15613514 630 12
19860720 630 12
3278560 630 13
12727099 630 13
4621243 630 14
1439177 630 15
6774847 630 15
15448554 630 15
52639 630 16
11243429 630 21
4105857 630 23
9137580 630 23
7290384 630 25
16648563 630 27
14490626 640 7
6342262 640 9
17117053 640 9
18009401 640 10
9074431 640 12
14816326 640 12
9577524 640 13
2540693 640 15
8734293 640 15
16740568 640 17
6465634 640 18
9312184 640 19
6627779 640 20
14755852 640 20
4845977 640 21
10175455 640 23
17494401 640 25
2780679 640 26
11184500 650 5
16382191 650 9
12477212 650 10
621115 650 11
10175285 650 14
15476553 650 14
11771776 650 15
12715611 650 15
16946221 650 16
15815620 650 17
5098832 650 18
16646365 650 19
5894137 650 20
2470673 650 24
923192 650 37
2635402 650 37
7287355 660 3
10469921 660 5
2540642 660 8
11602550 660 8
16029796 660 9
17774580 660 9
14086222 660 11
1333144 660 14
15152759 660 14
17100590 660 14
11653392 660 15
11677765 660 15
12513984 660 15
16759431 660 15
6780643 660 16
17200403 660 16
1049520 660 17
4775081 660 17
12281006 660 17
13996782 660 17
96223 660 18
19605786 660 20
18014483 660 21
15488831 660 23
7450514 660 26
1929084 670 6
3759157 670 10
9074368 670 15
6419588 670 17
6651890 670 18
11183451 670 18
14578574 670 19
1177971 670 21
14374139 670 21
11205612 670 22
16983940 670 22
19811291 670 25
19412086 670 26
19718424 680 5
6344722 680 6
9861252 680 8
3030121 680 9
15051280 680 9
5893919 680 11
12795605 680 14
16983960 680 14
12723647 680 16
14741279 680 17
7113466 680 18
3552285 680 19
4758631 680 19
309491 680 20
14139186 680 32
18365129 690 11
11184224 690 12
17066714 690 13
13020802 690 14
14106758 690 14
19718519 690 14
6073639 690 16
9203045 690 16
8467527 690 18
15268841 690 24
17721772 690 41
15476044 700 6
8375438 700 8
3654498 700 11
8421659 700 11
19163463 700 11
16644453 700 12
19138059 700 12
16759015 700 13
9393768 700 14
9983074 700 14
15733196 700 14
18361637 700 14
5821290 700 15
14052273 700 15
3022768 700 23
2470264 710 9
9756757 710 10
2479375 710 11
12951200 710 12
3611341 710 13
7287262 710 13
448677 710 14
4888524 710 14
13020214 710 14
15053054 710 17
5172285 710 18
7091629 710 18
10938187 710 19
7643864 710 25
5350859 710 27
2661561 710 34
17774763 720 7
15815559 720 8
15816336 720 8
17502850 720 8
4737706 720 13
4605415 720 14
8428311 720 16
4622911 720 18
7626792 720 20
11807298 720 23
8771847 720 24
3610743 730 8
11602738 730 15
11601027 730 17
12517239 730 18
6351197 730 22
4604885 740 10
7062259 740 11
14578014 740 11
3109551 740 13
12478434 740 16
17639208 740 16
17644500 740 16
17972868 740 16
9757799 740 18
7450141 740 21
12485936 740 21
13046293 740 21
10951361 740 25
4620424 740 26
12476786 750 10
6590386 750 11
15315481 750 12
17639925 750 13
8786608 750 14
5591741 750 25
7439203 750 35
12796805 760 12
9407747 760 14
13533819 760 14
1331361 760 15
5894248 760 15
6936000 760 18
6465436 760 25
12477185 770 9
16208630 770 13
9944167 770 26
3109953 780 7
3425831 780 12
4605508 780 12
9074245 780 12
263544 780 13
15270561 780 13
11995498 780 16
11020209 790 12
15084617 790 13
11764267 790 16
16458884 790 16
13397149 790 20
17052821 800 10
14578392 800 11
15486939 800 16
1110238 800 19
7450186 800 21
2464737 800 33
7287175 810 11
8417122 810 12
6000203 810 15
11277029 810 15
8340725 810 17
17774150 810 17
11947336 810 25
18047239 810 26
16813061 820 13
1798339 820 21
5288208 820 21
7324406 820 26
16813009 830 9
11572711 830 11
12901866 830 11
993195 830 16
17639188 830 16
2534005 830 17
14823981 830 17
16480395 830 17
15877399 830 26
13011779 840 7
19864592 840 11
7686030 840 13
860947 840 15
13011776 850 8
1928354 850 10
870420 850 19
8375782 860 13
15734002 860 13
15914797 860 17
16071200 860 17
11950148 860 18
16335299 860 18
16455575 860 18
14522556 860 22
4806044 870 14
15328239 870 16
8661642 870 27
18699737 880 13
15340639 880 21
4101157 880 26
8309633 890 16
10527504 890 16
9406826 890 21
16225289 890 25
15315451 900 7
13616046 900 26
9292719 910 18
17209742 910 19
9436700 910 20
4756682 920 23
16041009 920 26
5285122 930 14
9292341 930 14
12476755 930 14
692901 930 17
16758549 940 6
1986470 940 21
18358567 940 36
2638859 950 10
9074242 950 13
4462380 950 18
7288908 950 19
13947203 960 22
12369494 970 12
14490740 970 25
8771919 970 26
3427159 980 12
11726716 980 26
11365020 980 33
16335358 990 16
9733718 990 27
16324716 990 31
1199945 1000 20
16743938 1000 22
10738995 1010 15
15021778 1010 20
8363760 1010 23
14580707 1020 13
14801151 1020 18
11653556 1020 19
13556728 1030 17
19860650 1030 19
19859812 1040 11
11653046 1040 14
3550852 1040 20
17433256 1040 22
7108197 1050 20
15157281 1060 12
12728064 1070 16
13011808 1070 16
4808157 1070 26
6591754 1110 18
19144377 1120 12
11602335 1140 12
9203445 1180 24
13848709 1210 29
2533879 1220 20
11183895 1290 20
9703940 1300 28
4541864 1330 16
17432642 1350 19
17358040 1350 22
11183695 1360 16
12369155 1430 20
7089490 1500 8
3022633 1630 24
13020096 1650 14
14577881 1660 16
15315241 1701 23
14490716 2041 23
